209 773 272 752 480 576 512 512 522 562 402 611 362 639 600 439 546 554 
209 773 272 752 480 576 512 512 522 562 402 667 362 771 600 359 546 555 
223 787 272 752 469 565 512 512 522 562 404 685 362 771 602 377 546 555 
237 801 272 752 459 555 512 512 524 557 404 681 359 735 605 410 544 551 
170 734 272 752 509 605 512 512 524 532 374 583 343 649 590 400 526 531 
176 740 272 752 505 601 512 512 525 539 379 594 345 669 593 391 532 537 
185 749 272 752 498 594 512 512 522 546 384 616 348 703 594 379 536 542 
196 760 272 752 490 586 512 512 519 552 387 644 352 740 594 371 539 546 
209 773 272 752 480 576 512 512 517 556 390 677 354 776 594 367 540 549 
223 787 272 752 469 565 512 512 517 556 392 695 354 776 596 385 540 549 
237 801 272 752 459 555 512 512 519 552 392 691 352 740 599 418 539 546 
251 815 272 752 448 544 512 512 522 546 392 683 348 703 602 446 536 542 
264 828 272 752 438 534 512 512 525 539 393 671 345 669 607 468 532 537 
275 839 272 752 430 526 512 512 524 532 396 662 343 649 612 479 526 531 
284 848 272 752 423 519 512 512 520 525 402 660 343 654 617 473 520 525 
290 854 272 752 419 515 512 512 513 518 410 662 347 668 621 460 513 518 
294 858 272 752 416 512 512 512 506 511 422 659 356 677 624 448 506 511 
294 858 272 752 416 512 512 512 499 504 435 655 370 681 622 440 499 504 
290 854 272 752 419 515 512 512 492 500 441 650 375 681 624 434 493 498 
284 848 272 752 423 519 512 512 485 499 430 645 355 679 633 431 487 492 
275 839 272 752 430 526 512 512 478 502 408 640 321 676 645 430 482 488 
264 828 272 752 438 534 512 512 472 505 380 637 284 672 653 430 478 485 
251 815 272 752 448 544 512 512 468 507 347 634 248 670 657 430 475 484 
237 801 272 752 459 555 512 512 468 507 329 632 248 670 639 428 475 484 
223 787 272 752 469 565 512 512 472 505 333 632 284 672 606 425 478 485 
209 773 272 752 480 576 512 512 478 502 341 632 321 676 578 422 482 488 
196 760 272 752 490 586 512 512 485 499 353 631 355 679 556 417 487 492 
185 749 272 752 498 594 512 512 492 500 362 628 375 681 545 412 493 498 
176 740 272 752 505 601 512 512 499 504 364 622 370 681 551 407 499 504 
170 734 272 752 509 605 512 512 506 511 362 614 356 677 564 403 506 511 
166 730 272 752 512 608 512 512 513 518 365 602 347 668 576 400 513 518 
166 730 272 752 512 608 512 512 520 525 369 589 343 654 584 402 520 525 
290 854 272 752 419 515 512 512 490 497 451 641 379 680 622 435 490 495 
284 848 272 752 423 519 512 512 482 496 441 635 360 676 631 433 484 489 
275 839 272 752 430 526 512 512 474 497 419 629 326 670 642 433 478 484 
264 828 272 752 438 534 512 512 467 500 390 625 289 665 651 434 473 480 
251 815 272 752 448 544 512 512 462 502 357 622 253 662 655 434 469 478 
251 815 272 752 448 544 512 512 462 502 406 622 353 662 592 434 473 478 
206 818 252 772 512 512 512 512 512 512 464 560 436 588 554 470 512 512 